8.954553958961920301e+00,-7.901981548326221017e+00
8.545725648350263270e+00,-1.049503727110301021e+01
3.706854231514946640e+00,1.283690399277121053e+01
-6.203413224458794062e+00,-6.295443630982124006e+00
3.279173269432095417e+00,1.423088891154034918e+01
1.034173087625588394e+01,-1.036796667270535899e+01
-1.611039905338639500e+01,8.762314138881180270e+00
-1.704246563426142558e+01,6.416712894598706640e+00
8.257231091142584134e+00,1.223979708357021678e+01
3.473481686914966282e+00,1.139023579867096103e+01
1.098663580176177845e+01,-9.630327752610252645e+00
-6.678435046445277301e+00,-1.061842475170242928e+01
8.920480639381276333e+00,-1.155660945080462554e+01
-1.603522259807234462e+01,5.447575903277797060e+00
-5.384721929562244824e+00,-9.396905315332775288e+00
-3.417936105913906175e+00,-1.181877490958947874e+01
-5.026994449475868265e+00,-1.211542185791180160e+01
3.938997704778945064e+00,1.384836351871063975e+01
5.733196492193696869e+00,1.312024042734528884e+01
-1.363621702074737740e+01,8.693414651472068044e+00
1.950239466835502311e+00,4.705885236995722920e+00
-4.337473137192872308e+00,-8.048909745755281619e+00
-1.963017302095901861e+00,5.924206948526541616e+00
-1.636441366466945047e+00,9.184774551370921358e+00
1.111958089586207876e+01,-7.838438548890756863e+00
1.811144682411265805e+00,1.380124995409245514e+01
-1.756060879734178926e+01,6.744914656560289323e+00
1.011144982457738983e+01,-7.811616963058103380e+00
-5.958348475690580237e+00,-1.037131795332763495e+01
-8.800889733939675219e-01,5.261481154572182461e+00
7.140309719300946822e-01,3.614180809478691359e+00
2.042827508440316908e+00,1.728750808641385817e+01
1.187135678629492297e+01,-7.456889810011682940e+00
7.778848309068342459e+00,-6.495459113152755037e+00
5.579549713792825827e+00,1.915080159729087939e+01
5.676992814988828684e+00,1.416942417219839712e+01
7.837873344800205366e+00,-8.768128786111471840e+00
6.671384224130283869e+00,1.274058629068476378e+01
2.610957614308658137e+00,5.042007683265517848e+00
-5.926835385624924513e+00,-1.093145950714051295e+01
1.030070534417319550e+00,6.027571901824417822e+00
4.081278200919511434e+00,1.330031126107041572e+01
-1.589286722910105709e+01,5.388179985796615057e+00
-1.442166271218436435e+01,9.910600279821789371e+00
1.372520380749026936e+00,1.774568257620696698e+00
5.742291746742617775e+00,1.379202962656835929e+01
5.036836758379103607e+00,1.835287462455056584e+01
-1.537374328832271786e+01,4.120537883451650174e+00
6.154144254361080257e+00,1.459390922791401479e+01
1.130873131270811527e+01,-1.011116934182090965e+01
-6.059520407534077613e+00,-8.973465133773288471e+00
-2.194411378127801626e+00,-1.280370212558456089e+01
-1.268450977710486871e+00,-9.052334158176424950e+00
1.005663675226092302e+01,-9.940487721008508970e+00
-1.023949020817948963e+01,-8.356194991249552118e+00
4.867840402705366998e+00,1.257796760047508755e+01
-1.446589946826148321e+01,6.779261591246873664e+00
8.452421601792853068e+00,-1.248930940662283362e+01
-2.175202969137151887e-01,5.803423444197882475e+00
7.155747206965665796e-01,6.121569052736468564e+00
-2.755338735914182102e+00,3.124349920169754213e+00
-1.461780186396019410e+01,5.092873096312297676e+00
1.103531804093824675e+01,-1.145148762630693184e+01
-4.571812511739592466e+00,-1.249147755742397692e+01
1.081650551142894301e+01,-1.340516720847568166e+01
7.358594368127652885e+00,1.513503696282021771e+01
-9.438637315788669380e-01,7.177901193934731694e+00
-7.124607427452209762e+00,-9.052815138729636502e+00
-1.312343238804800549e+01,3.967910543565252190e+00
-1.679443684361552114e+00,3.801214709111955692e+00
1.002785858382589268e+01,-1.004825017422000677e+01
8.852675986239527006e+00,-1.109371788248078516e+01
-1.190498959733987761e+01,8.591755346191042975e+00
8.258629085512486645e-01,3.872550894392050580e+00
-4.879539580117946862e+00,-5.073515775029427743e+00
3.815212151522261674e+00,1.327201846064036772e+01
-1.430607418519936447e+00,6.359195497869351676e+00
-1.622557738096877245e+01,4.224596880128031806e+00
-7.212669948012056409e+00,-1.239241324816134160e+01
3.981193911469400604e-01,3.799566245682410859e+00
1.094194762340075844e+00,4.595614695132211658e+00
-1.460733263434273344e+00,5.432917179163950117e+00
8.746065884424465864e+00,-6.375102884006143000e+00
4.379605866435344552e+00,3.383403429289697062e+00
6.153113926111532628e+00,1.562250030908707288e+01
-6.949363340454643101e+00,-8.425830792515096590e+00
-1.533423616063370787e+01,5.293427372866645442e+00
-3.374948355211603968e+00,-7.287519942858354582e+00
4.449896605696712193e+00,1.039615767052882944e+01
-3.038739931908026826e+00,4.031531854267496939e+00
5.519445003442963404e+00,1.319136674979118240e+01
-1.286665062082169264e+01,7.338591180891345545e+00
5.154736615295236746e+00,1.327743159734347245e+01
-2.640466414041284349e+00,8.662917531708707486e+00
4.502071703041853112e+00,1.694314190190871017e+01
-1.260990674215031504e+01,1.953626190432450560e+00
-1.442826921855018973e+01,5.668913579974049988e+00
-1.584037363419171385e+01,4.436430782278985241e+00
1.396041699800378288e-01,4.229372806276479935e+00
1.065226604448423586e+01,-1.250222715277060637e+01
8.153533507778192302e+00,-1.270336921123266727e+01
-1.189899901437184582e+01,3.003291918522418058e+00
-1.210604423129253426e+01,5.393109553023148983e+00
-1.586899245486463172e+01,4.381655753062720926e+00
-2.449354569382924604e-02,3.205491257028336705e+00
1.744641273441356333e+00,5.366684011476703375e+00
-3.748665304469987802e+00,-1.171431511283256555e+01
-1.285273650028045545e+01,2.946969401177879533e+00
7.116848973699175573e+00,1.148252102715377099e+01
4.024787551855013135e+00,1.413488362436075896e+01
-1.627547996850263345e+01,3.938006089996364700e+00
8.651157999202467863e-01,1.482175992097442396e+01
2.326327504309919192e+00,5.020466122039174195e+00
3.892701389305635917e+00,1.260424421482230350e+01
9.278067668361840603e+00,-7.681340393271503864e+00
1.516091163874526693e-01,3.645676576975776406e+00
6.483327049768842221e-01,4.739713891264631052e+00
8.102303951045046304e+00,1.523134926858571703e+01
2.925507691347087214e+00,1.461932264383278302e+01
-7.141784996122224172e+00,-9.035055169513629636e+00
5.788904284756593910e+00,1.415803103835947496e+01
1.205831127465128816e+01,-9.054805035173913552e+00
3.264822607863270498e+00,2.139717244078734648e+00
-1.186895194153131960e+01,4.868499477854024704e+00
7.335564123319614716e+00,1.550884168660242679e+01
5.097043255889653679e+00,1.333809976717792445e+01
6.454371206761789770e-01,3.345538112895353855e+00
9.924730595150302648e+00,-7.793396235966957519e+00
-1.603457690020074367e+01,7.818694880371159783e+00
9.508513871828110808e+00,-1.054544713949534085e+01
-1.589236686642956009e+01,1.220918538108938023e+00
-1.610444608856194293e+01,6.265863635511021101e+00
5.675205324150404351e+00,1.417624606775506457e+01
9.519349203683729499e+00,-1.074964161509919514e+01
-1.140462694630095442e+01,6.281685722534019689e+00
3.846457338863334741e+00,1.651078245165151159e+01
-2.044211910516967823e+00,-1.103654043654729477e+01
-8.837542430598082532e+00,-1.005302775089843337e+01
-4.545080130791741446e+00,-7.385714491435143358e+00
6.265563732212569903e+00,1.954138571560879001e+01
1.164634116792382912e+01,-9.853364065623193113e+00
-1.535389445498809913e+01,3.403405510923092514e+00
-6.693587436136810176e+00,-1.302969444937172838e+01
-1.369959764408267766e+01,4.801648272441234155e+00
-4.053524750852909975e+00,-1.014565782531374616e+01
3.028547907328912547e+00,1.600809303103568837e+01
7.402427844327889694e+00,1.418384925395689677e+01
-1.506936977477356265e+01,5.468429465073041840e+00
2.202864852361717585e+00,1.612593847338114017e+01
-1.635278460411853985e+01,8.601880865821630806e+00
-4.162445007145504361e-01,4.013998130682334242e+00
1.141781021386333972e+00,7.271131280361197824e+00
-3.035701900711666457e-01,6.176634412969153054e+00
6.059608355830565785e+00,1.788313724131580074e+01
3.070153078839791050e+00,1.637210291999687684e+01
-1.796829342696715903e+00,5.983838343013011318e+00
-6.353844000611917231e+00,-8.776647422318264447e+00
-5.685429033053538639e+00,-1.160455453844323870e+01
-1.383214362934807262e+01,4.281415818425880815e+00
-1.411997109989333588e+01,3.995891551294777688e+00
-4.413855053402637729e+00,-1.142870283605273585e+01
-5.144020243160667860e+00,-7.992934204215951688e+00
4.744164817038466708e+00,1.308891911879914893e+01
9.930023019006076979e+00,-6.458398728728980132e+00
5.471229116217132038e+00,1.654173038777393501e+01
8.046248154539314967e+00,1.607782008736931800e+01
2.902287215590083402e+00,6.918541652170413947e+00
-7.830741484100828487e+00,-1.084129064553071764e+01
-4.277208788983172028e+00,-6.923926867068061597e+00
-1.494251035413036455e+01,7.556903725214597856e+00
-1.597887888503644405e+01,7.088321754138144470e+00
-9.498906223219123479e-01,3.693341534852576213e+00
-1.381869033861538121e+01,7.217407161165815488e+00
-6.404106187754704749e+00,-1.065532429319553565e+01
8.950959467440451789e+00,-9.021250877544163771e+00
-1.371455448026491197e+01,7.658305060264862796e+00
-1.506625394574759369e+01,8.589115727035576242e+00
8.848724347524452583e+00,-9.755980370709277594e+00
-1.789602780083248845e+01,6.023880867598361277e-01
-1.500720507818113703e+01,2.683270621614914475e+00
1.039169051019536383e+01,-1.195674555523006433e+01
-4.805844901303919059e+00,-8.062710018934222234e+00
-3.372965565260660270e+00,-1.246172863286790999e+01
1.037353352895415703e+01,-1.151076586470664509e+01
5.540913651559677966e+00,1.489952378110172582e+01
-6.616987205786375448e+00,-1.100351408716907287e+01
-6.201277379837609516e+00,-1.058338749958655356e+01
9.480817297272789546e+00,-1.300628590623621150e+01
-1.459415395829740092e+01,1.968511770005536121e+00
-1.614235797956559537e+01,6.145165562712317175e+00
9.314624811839301799e+00,-1.074288173199158258e+01
1.173921184021132014e+01,-7.288724282390098175e+00
-4.180318792829626484e-02,5.234654766617564015e+00
2.555329791576849807e+00,3.816857222328340349e+00
7.837886919183475243e+00,-7.893694293334192480e+00
7.420078200517892242e+00,-1.259015754412723176e+01
5.240591263423797663e+00,1.602887766811749870e+01
-5.784216306264315044e+00,-1.292702989626423715e+01
-8.214966469122455095e+00,-9.630732282935390742e+00
5.671099974542137545e-02,1.340620948905904619e+01
-5.490776232005741164e+00,-1.150747232871497872e+01
-1.473406065170624757e+01,3.599758370121653783e+00
-1.342839968269833584e+01,5.850915123569929932e+00
-2.896168682994648247e+00,2.185072451246889536e+00
6.835119515543188751e-01,8.752341678431772465e+00
-7.473901421756163899e+00,-1.264091322616855351e+01
-1.431454930724459196e+01,5.913506438307567947e+00
-9.707270956582069177e-01,5.163748278772644973e+00
-2.290796905052357724e-01,7.475632623946923516e+00
-6.767714872402265769e+00,-9.692549788108944853e+00
-2.068702462156891908e+00,-1.045155260097307170e+01
4.460250129413257270e+00,1.304247256843538594e+01
4.899331422174455497e-01,3.986113649257740477e+00
-1.503284579214550476e+01,7.376786546896168417e+00
-4.407759445870848225e+00,-9.477889455640221783e+00
6.001834375248761511e+00,1.304488951040289813e+01
1.144334412808647095e+01,-1.225810354243445843e+01
-2.714354370969958907e+00,-8.496133934626451278e+00
1.141550387091095153e+01,-1.112493355178853527e+01
1.799199750866501413e+00,5.614599041753218778e+00
8.283284439637572660e+00,-8.599380241182016604e+00
1.085923643826517093e+01,-9.584624625673777487e+00
7.555744382216109223e+00,-8.574003139655223649e+00
-4.800697269824717672e+00,-1.100695130823239865e+01
4.266066749312533268e+00,1.095824400954996225e+00
-1.184085570853857483e+01,3.954279945693463638e+00
7.184976610564357102e+00,-1.155563337518175082e+01
-3.426269058181754978e+00,7.707744748330825679e+00
-1.227628197578939595e+00,-9.650844374336321252e+00
-4.446618401339962112e+00,-8.345633501927952835e+00
1.039616952153570928e+01,-1.028872082384788555e+01
-3.956116868766204497e+00,-9.406030653533628438e+00
-1.545650429075143606e+00,4.526362786519982251e+00
-3.073247741511356601e+00,-9.174438146127004146e+00
-7.957043980734854749e+00,-1.143968841678941750e+01
9.920889692286689154e+00,-8.636998605254751382e+00
2.270346905024960837e-01,6.324261349042092917e+00
-1.368291145465433978e+01,9.020409077532699271e+00
4.874641805453656218e+00,1.691028464100247675e+01
1.489150395923365267e+01,-9.741557636049545721e+00
-4.582272809990489471e+00,-1.391934024775955159e+01
3.698714861756346117e+00,1.402574923247060745e+01
-6.482534680138145156e+00,2.951224717331420333e+00
-1.335903563760527213e+01,6.014548062214595703e+00
2.166102486350554024e+00,7.107604104069805473e+00
1.126481547811104278e+01,-8.054891100746539578e+00
-4.653638148297636334e+00,-9.229365240542326987e+00
-6.838848468467606523e+00,-6.900131189964921141e+00
4.099869057041512832e+00,1.624569986469499838e+01
4.775343900618340243e+00,1.455806080093355348e+01
-1.589100504280154347e+01,7.906768954235401381e+00
-6.360049443156981397e+00,-9.535492605677992728e+00
-1.775863845602905400e+01,3.538139920116162074e+00
5.198664610858451773e+00,1.650277424674357718e+01
-6.088765449050365319e+00,-9.778154820580267526e+00
6.218151311960091743e-01,7.950712433899104425e+00
-4.973996216244185753e+00,-7.092931845685366277e+00
-1.650994393585023090e+00,4.357228316694013337e+00
4.606226714116856691e+00,-1.010858973303562358e+01
-1.590461263849815410e+01,1.522413467420866695e-01
-3.826285812399459196e+00,-5.619088748380042908e+00
-4.247791448619613774e+00,3.948489956638478127e+00
-1.293631092106273073e+01,2.028879253926056059e+00
-5.529313666475911937e+00,-4.559661666820762349e+00
-6.566506584672474389e+00,-1.064412303241135049e+01
-5.322571423332018270e+00,-9.191898286370923543e+00
3.172033632290704119e+00,2.524369002346301905e+00
-1.223568201792494570e+01,6.297419775179285750e+00
8.419051089109375496e+00,-9.057063285728007784e+00
-4.499014299308246478e+00,-9.307103581006048287e+00
3.600548984014828591e+00,1.542795982146844480e+01
2.882546578132231030e+00,2.128275697641121234e+00
-4.351832061210409996e+00,-1.077016456083263307e+01
8.910161826382100969e+00,-9.201727771295857394e+00
1.285600381909255407e-01,2.844510444141387762e+00
8.004714104192055757e+00,1.514818956083955115e+01
1.096201846347342723e+01,-9.552231951441736868e+00
-1.518265323107395925e+00,5.300787572952414983e+00
9.462222618890338666e+00,-1.221305181748333979e+01
-6.779028859251046590e+00,-1.163162056993087745e+01
-5.938948771869903887e+00,-8.914879912828070019e+00
1.650832697976059693e+00,6.627019272001277272e+00
1.166784430909780745e+01,-9.081639841543125868e+00
2.533822298373245463e+00,3.584661068762438507e+00
8.048253494045335188e+00,-7.892716406784320959e+00
6.228333400086849991e+00,1.651501542009460977e+01
5.143132474438784740e+00,1.404468510646976753e+01
-1.657990021844144568e+00,3.879637919606060859e+00
-1.386046543953559151e+01,5.895417120034629477e+00
4.481849636208335430e-01,5.025184801563590042e+00
-1.331871290202255231e+01,3.694752041395218178e+00
-4.825905863523657580e+00,-1.059801470093173492e+01
1.953521970976634381e-01,3.453980432289067259e+00
9.328430601419743340e+00,-6.661956949421213636e+00
4.461186331110884140e+00,1.643508451159192418e+01
-2.521767908670090375e+00,6.835723894109552390e+00
-1.544192834765932787e+01,5.053771677989061573e+00
2.633482974668449828e+00,1.092153564447979974e+01
1.787107359484854996e+00,1.540692727173444609e+01
1.038693028482344571e+00,8.065477826005155393e+00
1.249217038499525856e+01,-1.414678046481629892e+01
-1.771971228195983983e+01,6.492507132054441854e+00
6.423229756177779137e+00,1.275071581632426110e+01
-3.702627198477986131e-02,4.422682722159723134e+00
1.939919299854363788e-01,6.190314050873826801e+00
-1.627477425461303540e+01,7.378033062215103577e+00
8.374283270145129521e+00,1.676327951389890103e+01
2.358880241442574022e+00,4.061648695790590402e+00
-1.724544404312459633e+01,5.764819492368101095e+00
-9.946135148252757574e+00,3.938262454159358938e+00
8.574308434645670829e+00,-9.787139544616206166e+00
1.258416157948288649e+00,1.429697303191738200e+01
8.101202222336114644e+00,-4.735235870325218421e+00
-1.248848774885295754e+01,3.210785395560992406e+00
1.051205946862775065e+01,-8.034618032108971519e+00
-1.549435476504119436e+01,3.636031504004402670e+00
-1.805105034184947854e+01,3.616183860237510928e+00
-6.305384892806912278e-01,6.517938440986535298e+00
-1.303135520304683226e+01,4.572022311548981754e+00
-4.353624064544405758e-01,7.197553703974380213e+00
-1.666471114620845739e+01,5.942831112772807955e+00
-3.169195764595851728e+00,-9.342497780680631081e+00
-1.323572929536775966e+00,6.704866669592448147e+00
-1.474379117017842233e+01,3.637896685050238332e+00
1.248239634104310269e+00,6.256691018528560022e+00
-1.517947138857445388e+01,7.880234430898945597e+00
-1.436888442504872021e+00,4.573105696576305945e+00
1.908003526986404630e+00,6.302782502611595561e+00
-1.585041476865401311e+00,4.770527117066201583e+00
9.237509296442922846e-01,1.298382737816519139e+01
-6.981072650261376467e+00,-1.113259545920554316e+01
1.318637325327879495e+01,-1.102243135286236964e+01
-4.006571693977534210e+00,-1.027652860234236876e+01
-1.644440791132862900e+00,5.487374422983824829e+00
-1.460695766059705925e+01,6.418007515177024835e+00
5.173179574945799608e+00,1.468864552921584021e+01
-5.051363027863206012e-01,2.504433636070301006e+00
4.522103906267180840e+00,1.318487267591680379e+01
-1.700828153350413530e+01,3.464404869791743113e+00
6.277184917554747834e+00,1.167695987546207981e+01
-1.509892741930486615e+01,6.349638984333207503e+00
-7.382606994405296774e+00,-8.686892782732339668e+00
7.012585618428881062e+00,1.384621626095370317e+01
4.287888178650651305e+00,6.267838044636022232e+00
1.900847676372100503e+00,3.846192688675193594e+00
-6.816048151042421566e+00,-1.282460740267058341e+01
5.653854747528325397e+00,1.456179894238227135e+01
1.082686980644740160e+01,-6.246408374883868575e+00
-1.199320339646569877e+01,6.754724581151342555e+00
2.316221747000135611e+00,6.583325387925871297e+00
1.661189437757256471e+00,1.608672038475987165e+01
4.785939280090884651e+00,1.292951535516125183e+01
-2.012034762999403981e+00,2.571622774424535685e+00
9.859668577082706165e+00,-1.332192186703198189e+01
-2.938000955008098103e+00,-8.137439761767602420e+00
1.142191993640698300e+01,-9.111473377027920151e+00
5.619837354700653043e-01,3.754600960358812411e+00
1.369791218989069037e+01,-7.746869940904485219e+00
-1.519059106477390486e+01,5.558043051540678903e+00
8.876388562924568681e-01,6.549268106858673555e+00
-1.451239857245760234e+01,3.871842738526543037e+00
8.929450265832779010e+00,1.507052710394345674e+01
8.750362844608641666e+00,-9.947817899578332401e+00
-1.509117203271099505e+01,5.486678898645383384e+00
6.615070740570361707e+00,-6.940899361078772145e+00
-1.548247211571266035e+01,5.704110793028593918e+00
-1.508031590128868693e+01,2.138449795763903705e+00
9.538130939582643464e+00,-8.607587270373162625e+00
-1.611784369454317556e+01,5.754423750129041615e+00
-3.704622923798615020e+00,-6.953940287183948854e+00
9.490045565158290231e+00,-6.992014022834622367e+00
-1.450123263257848905e+01,8.154906559526949650e+00
7.075079888515798388e+00,1.397996720229050638e+01
-1.370903163771784961e+01,9.326509446610920406e+00
1.115776161691047541e+01,1.723914982286915176e+01
-4.883582563107999874e+00,-1.228594059566124663e+01
-8.449835665026064646e+00,-1.112457505848194472e+01
6.742249406863384920e+00,1.434795293566431695e+01
5.836141184232555901e+00,-6.607087263419924028e+00
3.972266165326613141e+00,1.288157295622209730e+01
-3.523066840009179135e+00,-9.657263437620059676e+00
-4.816478446928995183e+00,-1.397513782920178471e+01
-3.354910175793621718e+00,-1.244168729994204448e+01
1.969617875602895474e+00,1.773374853488904890e+01
-1.624628105284952895e+01,3.889045761679490454e+00
3.696327784395681881e+00,1.509479734263282857e+01
3.530908480562193752e+00,5.809963421921911397e+00
4.984054717366765530e+00,1.795988827778005259e+01
4.902034851788542730e-02,5.995996582490899840e+00
6.318251537336709411e+00,-1.255915393347140352e+01
-1.466709558357388765e+01,5.984902528016298184e+00
6.660671633088490751e+00,1.328783234818226511e+01
-1.816780564697144484e+01,6.520829312288594970e+00
4.698060383213976010e+00,-7.816986296155076452e+00
-8.101326862132264495e+00,-9.862874050387945957e+00
3.939484763255118427e+00,1.341425433547531121e+01
7.439141295007433818e+00,-6.490411636031270248e+00
9.114367980762756727e-02,3.696799304788365603e+00
3.248763493230485633e+00,1.223440053807132699e+01
1.030095372612095828e+00,1.270546298130944152e+01
-5.893029904134042596e+00,-8.287202411353055354e+00
1.715319246404038767e+00,4.680122940073145443e+00
-4.989773086715078243e+00,-1.046917426675029361e+01
1.494587210246523634e+00,6.220740530866930129e+00
-7.656372097796861453e+00,-9.606277528261752963e+00
1.512016907653758935e+01,-1.019211979944929958e+01
1.003686786613078574e+01,-9.304836589276657577e+00
1.593235121289690692e+00,1.488890460220676282e+01
-1.841574368985217092e+00,-8.465130541694183108e+00
5.363732510116990149e+00,1.549644117260067233e+01
-1.455573245673257432e+01,4.042502756673044928e+00
-5.921277541919574894e+00,-7.885755547562168566e+00
1.363905942589927811e+00,4.379466486813088366e+00
6.290751899170294870e+00,1.773726311506469600e+01
1.184805403841380134e+01,-1.036980427288597895e+01
-1.700324001978983190e+01,4.437799414228090100e+00
9.934493459568003004e+00,-1.108684954226752950e+01
1.035540200186650850e+01,-1.267068871742020164e+01
6.886741652952192538e+00,-8.787980097308720318e+00
1.931771658528755431e+00,1.755535364379701946e+01
-5.446925570651702131e+00,-8.571999011815815805e+00
-4.276727949904731929e+00,-1.129023950921024877e+01
-1.258698206698328548e+01,3.366128658025528075e+00
5.010487399436366118e+00,1.509396118752948368e+01
-1.040220375276149944e+01,4.274322879120681762e+00
-1.853860943156165897e+00,4.880949287876400255e+00
-5.069423539410486512e+00,-1.233735607523906452e+01
1.061560353778411780e+01,-1.342033678531325158e+01
1.376404899295006778e+01,-7.309159907690045088e+00
8.591312618914480836e+00,-1.281692259272711887e+01
-5.071652078219902826e+00,-6.870712688371988008e+00
1.625724237677920181e+00,6.259257683847224030e+00
9.121495849763974206e+00,1.851068168488640708e+01
-1.480775844611803294e+01,4.075449422589914938e+00
-2.682808841985191872e+00,-1.164136463670342181e+01
4.111413479847776387e+00,1.575460098608970405e+01
1.055993725263964045e+01,-1.225097809459675346e+01
6.658811162366978564e+00,1.057772938198423063e+01
1.380287983422225029e+00,4.197559056228327812e+00
1.021878958920978597e+01,-8.548466752202616092e+00
-4.050285173315214315e+00,5.372908629538855507e+00
5.768130897878614327e+00,1.493461050381181465e+01
1.076039570201192674e+01,-8.778828509432353044e+00
-9.420766112366455447e-01,5.464099874715272698e+00
1.042203493440523765e+01,-1.019342622374078466e+01
8.289935427002568247e+00,1.450192792088724403e+01
-4.484899218554470934e+00,-1.014889183153233532e+01
-1.178729513888423064e+00,6.699204194042049032e+00
1.009974557960914288e+00,6.731510388340242734e+00
3.487298509431393079e+00,1.215549258080465123e+01
1.151397723329070288e+01,-1.184433064835525151e+01
-4.312763420863077179e+00,-1.352608031072546879e+01
1.054315767439074669e+01,-1.255349715164061841e+01
-1.561555646990600188e+01,5.438300655327878097e+00
-5.154203418828208427e+00,-9.317696050366711447e+00
-4.864943590624152492e+00,-1.284949637242691267e+01
-7.301987154844605143e+00,-9.248603963308656972e+00
7.303629155788573968e+00,-8.513471811954570256e+00
4.306364915023112694e+00,3.465304874223900988e+00
5.957959651492783948e+00,1.566732421057389679e+01
4.244312394025266499e+00,7.064930521102294136e+00
-5.468306749446671944e+00,-1.046827391389836137e+01
-1.130672600790466831e+01,2.859830467347694860e+00
-1.483543202144915085e+01,7.130960750130702408e+00
-5.231296564776481084e+00,-1.060220739117857747e+01
8.020790359482838028e+00,-1.025157384019929552e+01
-1.693395228625842464e+01,4.904577287716040068e+00
1.124361992443439284e+01,-1.314044943978091240e+01
5.664628023959183523e+00,1.350302692688689277e+01
-1.750307884838088768e+01,7.887529208146519366e+00
-1.458323438410489459e+01,9.165302631514187226e-01
-4.516075456867931770e+00,-1.382656048931559667e+01
1.229854665257135160e+01,-1.140635285025177481e+01
6.852355095063282775e+00,1.881883328094026098e+01
4.629317133347017332e+00,1.265469614816503885e+00
-1.516430235678513760e+01,7.234591663176255238e+00
-3.355879680011019772e+00,-6.206414034692105730e+00
7.975791249479664557e+00,-1.330971334373153780e+01
1.118620251593676684e+01,-1.061909287862798124e+01
-3.803241580537766037e-02,2.994941270724382321e+00
1.514671960649972071e+01,-9.881563131971024205e+00
1.744915124233674675e+00,1.509616989332276482e+01
2.864759141234811235e+00,1.471524102995741323e+01
1.333094888892515328e+01,-7.971259869963739142e+00
-5.439343775675023807e+00,-9.285774856976507508e+00
-1.768890102206855275e+01,3.162696107031603532e+00
2.391060998990293562e+00,1.633934509766007537e+01
1.022845529732407854e+01,-9.699396477076245304e+00
-4.480234411503152714e+00,-8.436354256445380173e+00
3.674752482108306850e+00,1.614119733718631977e+01
-7.025662240668847147e+00,-9.371505334809452137e+00
9.851133141799907733e+00,-8.758655804898644703e+00
-2.400592814111552453e+00,4.330997528318103029e+00
-1.426265338225419832e+01,4.213322375345278203e+00
9.683984202842021105e+00,-1.085376213989484029e+01
-1.378420698056692117e+01,5.373218246312716495e+00
9.272775575572287821e+00,-1.011389124744213497e+01
6.442559502191443244e+00,-7.007911377021633470e+00
-1.215899150402029072e+01,3.858507412501047451e+00
8.776964394016102844e+00,-1.281332219369644498e+01
